0, 0.105116, 0.863903, -0.492567, 0.000000, 0.994458, -0.090307, 0.053834, 0.000000, 0.002025, -0.495496, -0.868608, 0.000000, 0.299948, 0.006669, 0.609489, 1.000000
1, 0.153989, 0.872682, -0.463371, 0.000000, 0.987954, -0.128731, 0.085878, 0.000000, 0.015294, -0.471014, -0.881993, 0.000000, 0.356577, 0.073612, 0.586242, 1.000000
2, -0.007310, 0.877565, 0.479402, 0.000000, 0.739828, -0.317792, 0.593011, 0.000000, 0.672756, 0.359010, -0.646924, 0.000000, 0.207058, -0.030407, 0.707380, 1.000000
3, 0.323825, 0.922518, 0.209994, 0.000000, 0.689202, -0.382067, 0.615650, 0.000000, 0.648180, -0.054634, -0.759524, 0.000000, 0.551090, 0.056099, 0.562320, 1.000000
4, 0.182352, 0.966390, 0.181213, 0.000000, 0.926779, -0.107385, -0.359930, 0.000000, -0.328374, 0.233578, -0.915211, 0.000000, 0.263638, -0.009241, 0.801054, 1.000000
5, -0.315315, 0.306623, 0.898086, 0.000000, 0.850679, -0.328133, 0.410701, 0.000000, 0.420621, 0.893483, -0.157372, 0.000000, 0.168252, -0.119994, 0.596370, 1.000000
6, -0.402197, -0.318351, 0.858423, 0.000000, 0.812257, -0.556709, 0.174108, 0.000000, 0.422465, 0.767286, 0.482489, 0.000000, 0.208584, -0.209592, 0.555050, 1.000000
7, -0.987854, 0.081108, 0.132535, 0.000000, 0.103002, -0.296800, 0.949368, 0.000000, 0.116338, 0.951489, 0.284841, 0.000000, 0.130493, -0.166269, 0.436019, 1.000000
8, -0.433633, 0.897474, -0.080640, 0.000000, 0.806243, 0.426399, 0.410068, 0.000000, 0.402410, 0.112804, -0.908483, 0.000000, 0.210019, -0.122121, 0.650602, 1.000000
9, -0.821575, -0.060524, -0.566878, 0.000000, -0.139007, -0.943070, 0.302151, 0.000000, -0.552894, 0.327040, 0.766390, 0.000000, 0.392433, 0.082835, 0.397874, 1.000000
10, -0.980850, 0.092182, 0.171571, 0.000000, -0.168689, -0.842398, -0.511771, 0.000000, 0.097355, -0.530913, 0.841816, 0.000000, 0.368780, 0.005866, 0.587955, 1.000000
11, -0.696981, 0.211168, -0.685293, 0.000000, 0.360897, -0.722510, -0.589689, 0.000000, -0.619654, -0.658322, 0.427366, 0.000000, 0.338305, 0.087217, 0.550352, 1.000000
12, -0.963416, 0.259635, -0.066475, 0.000000, -0.266387, -0.900398, 0.343978, 0.000000, 0.029455, 0.349102, 0.936622, 0.000000, 0.359909, 0.094382, 0.325411, 1.000000
13, 0.220024, 0.691194, -0.688360, 0.000000, 0.974183, -0.119111, 0.191781, 0.000000, 0.050567, -0.712785, -0.699557, 0.000000, 0.286519, 0.085426, 0.651421, 1.000000
14, 0.224636, 0.972978, -0.053412, 0.000000, 0.705922, -0.124705, 0.697225, 0.000000, 0.671724, -0.194327, -0.714860, 0.000000, 0.334214, 0.083278, 0.668779, 1.000000
15, 0.219571, 0.972542, 0.077143, 0.000000, 0.961780, -0.202524, -0.184292, 0.000000, -0.163608, 0.114659, -0.979840, 0.000000, 0.355443, 0.192414, 0.538631, 1.000000
16, 0.387654, 0.874836, -0.290493, 0.000000, 0.896391, -0.284270, 0.340110, 0.000000, 0.214962, -0.392240, -0.894393, 0.000000, 0.397837, 0.131734, 0.594053, 1.000000
17, 0.656719, 0.752302, 0.052560, 0.000000, 0.616561, -0.575743, 0.537003, 0.000000, 0.434250, -0.320253, -0.841941, 0.000000, 0.508668, 0.304918, 0.308642, 1.000000
18, -0.027784, 0.705002, -0.708661, 0.000000, 0.924095, -0.252201, -0.287129, 0.000000, -0.381152, -0.662848, -0.644481, 0.000000, 0.189394, 0.147815, 0.676294, 1.000000
19, 0.457503, 0.761754, -0.458717, 0.000000, 0.866390, -0.265754, 0.422780, 0.000000, 0.200149, -0.590851, -0.781559, 0.000000, 0.301118, 0.253671, 0.647361, 1.000000
20, 0.735538, 0.610813, 0.293074, 0.000000, 0.604221, -0.787106, 0.124021, 0.000000, 0.306434, 0.085859, -0.948012, 0.000000, 0.410905, 0.156009, 0.739739, 1.000000
21, 0.132414, 0.699706, -0.702053, 0.000000, 0.858804, -0.434633, -0.271200, 0.000000, -0.494896, -0.567016, -0.658462, 0.000000, 0.317195, 0.149647, 0.675066, 1.000000
0, -0.783389, -0.506580, -0.360108, 0.000000, -0.620941, 0.612635, 0.488990, 0.000000, -0.027098, 0.606675, -0.794488, 0.000000, 0.040065, 0.163279, 0.547343, 1.000000
1, 0.112154, -0.835252, 0.538308, 0.000000, -0.024628, 0.539223, 0.841803, 0.000000, -0.993386, -0.107668, 0.039906, 0.000000, 0.186116, 0.274359, 0.566470, 1.000000
2, 0.331496, -0.936068, 0.117841, 0.000000, 0.143625, 0.173517, 0.974302, 0.000000, -0.932460, -0.306052, 0.191963, 0.000000, 0.214765, 0.259742, 0.536533, 1.000000
3, -0.258898, -0.857163, 0.445245, 0.000000, 0.252412, 0.384905, 0.887771, 0.000000, -0.932341, 0.342227, 0.116707, 0.000000, 0.111878, 0.194920, 0.524384, 1.000000
4, -0.314408, -0.948311, 0.043055, 0.000000, -0.167592, 0.100092, 0.980762, 0.000000, -0.934377, 0.301144, -0.190399, 0.000000, 0.184771, 0.236887, 0.530509, 1.000000
5, 0.190161, -0.980890, -0.041158, 0.000000, -0.004420, -0.042778, 0.999075, 0.000000, -0.981743, -0.189803, -0.012470, 0.000000, 0.207813, 0.248673, 0.544430, 1.000000
6, -0.090820, -0.708847, -0.699491, 0.000000, -0.749098, 0.511452, -0.421032, 0.000000, 0.656204, 0.485750, -0.577446, 0.000000, 0.113408, 0.300723, 0.673012, 1.000000
7, 0.218920, -0.599693, -0.769703, 0.000000, -0.085165, 0.774084, -0.627329, 0.000000, 0.972019, 0.202887, 0.118390, 0.000000, -0.060350, 0.204084, 0.701958, 1.000000
8, -0.219541, -0.679361, -0.700193, 0.000000, -0.823370, 0.514003, -0.240547, 0.000000, 0.523320, 0.523708, -0.672210, 0.000000, 0.066972, 0.208746, 0.605717, 1.000000
9, -0.178866, -0.857045, -0.483198, 0.000000, -0.698486, 0.456492, -0.551119, 0.000000, 0.692910, 0.238930, -0.680285, 0.000000, 0.035244, 0.230874, 0.720426, 1.000000
10, 0.692088, -0.579984, -0.429690, 0.000000, 0.654652, 0.755110, 0.035199, 0.000000, 0.304048, -0.305658, 0.902290, 0.000000, -0.027208, 0.251690, 0.506756, 1.000000
11, 0.958314, -0.214061, -0.189240, 0.000000, 0.251438, 0.946398, 0.202754, 0.000000, 0.135694, -0.241884, 0.960770, 0.000000, 0.068627, 0.301689, 0.444751, 1.000000
12, 0.612622, -0.737032, -0.285442, 0.000000, 0.783805, 0.612997, 0.099417, 0.000000, 0.101702, -0.284636, 0.953226, 0.000000, -0.028936, 0.290666, 0.441726, 1.000000
13, 0.707819, -0.197526, -0.678215, 0.000000, 0.133518, 0.980213, -0.146136, 0.000000, 0.693661, 0.012884, 0.720187, 0.000000, 0.009352, 0.345350, 0.507902, 1.000000
14, -0.113296, -0.389290, -0.914121, 0.000000, -0.656531, 0.719895, -0.225206, 0.000000, 0.745741, 0.574634, -0.337143, 0.000000, 0.010059, 0.364985, 0.655565, 1.000000
15, -0.265213, -0.476614, -0.838153, 0.000000, -0.567454, 0.779950, -0.263960, 0.000000, 0.779525, 0.405608, -0.477309, 0.000000, -0.006253, 0.314639, 0.651443, 1.000000
16, -0.559694, -0.621556, -0.548098, 0.000000, -0.823656, 0.490094, 0.285304, 0.000000, 0.091287, 0.611127, -0.786251, 0.000000, -0.003331, 0.256062, 0.739391, 1.000000
17, -0.967806, -0.239825, -0.076395, 0.000000, -0.226824, 0.699452, 0.677730, 0.000000, -0.109102, 0.673239, -0.731332, 0.000000, -0.033441, 0.287804, 0.698468, 1.000000
18, 0.020345, -0.695363, -0.718371, 0.000000, -0.968586, 0.164409, -0.186575, 0.000000, 0.247844, 0.699600, -0.670174, 0.000000, 0.100672, 0.304888, 0.658580, 1.000000
