0, 0.901248, 0.389262, -0.190335, -0.174895, 0.415011, -0.901747, 0.120903, -0.007502, -0.124571, -0.187955, -0.974246, 0.700149, 0.000000, 0.000000, 0.000000, 1.000000
1, 0.899181, 0.358601, -0.250757, -0.084528, 0.394240, -0.912561, 0.108661, 0.020911, -0.189865, -0.196564, -0.961932, 0.720740, 0.000000, 0.000000, 0.000000, 1.000000
2, 0.607132, -0.690265, -0.393605, 0.030660, -0.583518, -0.723533, 0.368790, -0.018442, -0.539349, 0.005772, -0.842062, 0.718017, 0.000000, 0.000000, 0.000000, 1.000000
3, 0.719548, -0.351220, -0.599078, 0.182076, -0.345964, -0.929298, 0.129283, 0.223656, -0.602129, 0.114234, -0.790185, 0.564994, 0.000000, 0.000000, 0.000000, 1.000000
4, 0.942839, -0.012251, -0.333022, -0.124762, 0.256507, -0.611271, 0.748700, -0.188749, -0.212739, -0.791326, -0.573188, 0.813545, 0.000000, 0.000000, 0.000000, 1.000000
5, 0.190476, -0.974702, 0.116944, 0.094059, -0.669945, -0.041989, 0.741222, -0.039454, -0.717560, -0.219531, -0.660995, 0.845672, 0.000000, 0.000000, 0.000000, 1.000000
6, -0.357744, -0.860219, 0.363376, 0.103874, -0.361281, 0.486324, 0.795591, -0.126046, -0.861101, 0.153337, -0.484760, 0.724925, 0.000000, 0.000000, 0.000000, 1.000000
7, -0.494476, -0.824918, 0.273867, 0.095390, -0.869125, 0.473133, -0.144106, -0.067771, -0.010700, -0.309282, -0.950910, 0.823518, 0.000000, 0.000000, 0.000000, 1.000000
8, 0.911631, -0.332410, 0.241728, -0.124138, -0.370307, -0.919461, 0.132153, 0.061942, 0.178331, -0.209989, -0.961303, 0.646006, 0.000000, 0.000000, 0.000000, 1.000000
9, -0.969007, 0.054783, -0.240884, 0.254577, 0.103136, 0.975769, -0.192973, -0.249059, 0.224475, -0.211836, -0.951176, 0.737633, 0.000000, 0.000000, 0.000000, 1.000000
10, -0.898547, 0.381296, -0.217315, 0.091789, 0.047173, 0.576202, 0.815945, -0.221041, 0.436334, 0.722914, -0.535732, 0.392363, 0.000000, 0.000000, 0.000000, 1.000000
11, -0.421755, 0.895178, -0.144148, -0.038692, 0.801675, 0.442428, 0.401963, -0.316153, 0.423604, 0.053970, -0.904238, 0.609572, 0.000000, 0.000000, 0.000000, 1.000000
12, -0.875775, -0.298961, -0.379000, 0.309395, -0.378805, 0.912285, 0.155699, -0.099232, 0.299208, 0.279925, -0.912204, 0.675633, 0.000000, 0.000000, 0.000000, 1.000000
13, 0.826908, 0.539677, -0.158023, -0.143454, 0.519525, -0.840716, -0.152610, -0.120962, -0.215213, 0.044098, -0.975571, 0.685083, 0.000000, 0.000000, 0.000000, 1.000000
14, 0.862591, -0.241005, -0.444807, 0.049323, -0.320935, -0.940351, -0.112872, 0.019775, -0.391072, 0.240117, -0.888486, 0.619904, 0.000000, 0.000000, 0.000000, 1.000000
15, 0.923224, -0.025412, -0.383421, 0.092669, 0.237270, -0.747173, 0.620834, 0.049284, -0.302259, -0.664144, -0.683778, 0.948308, 0.000000, 0.000000, 0.000000, 1.000000
16, 0.865719, 0.181243, -0.466564, 0.019351, 0.194830, -0.980644, -0.019435, 0.048626, -0.461055, -0.074076, -0.884274, 0.723713, 0.000000, 0.000000, 0.000000, 1.000000
17, 0.608467, -0.013687, -0.793461, 0.281925, -0.060687, -0.997726, -0.029327, 0.332360, -0.791256, 0.065997, -0.607914, 0.902615, 0.000000, 0.000000, 0.000000, 1.000000
18, 0.637191, 0.750004, -0.177433, -0.176936, 0.765933, -0.590652, 0.253923, -0.259804, 0.085641, -0.297699, -0.950811, 0.811962, 0.000000, 0.000000, 0.000000, 1.000000
19, 0.826300, 0.351087, -0.440416, 0.029672, 0.277622, -0.934240, -0.223880, -0.106759, -0.490055, 0.062723, -0.869432, 0.798829, 0.000000, 0.000000, 0.000000, 1.000000
20, 0.434940, -0.268448, -0.859513, 0.183156, 0.131738, -0.925286, 0.355655, -0.059792, -0.890770, -0.267919, -0.367080, 0.796879, 0.000000, 0.000000, 0.000000, 1.000000
21, 0.561103, 0.730262, -0.389720, -0.103169, 0.824071, -0.537139, 0.179967, -0.232599, -0.077911, -0.422137, -0.903178, 0.777451, 0.000000, 0.000000, 0.000000, 1.000000
0, 0.987452, 0.047874, -0.150490, -0.178107, 0.022936, -0.986315, -0.163268, 0.214124, -0.156247, 0.157768, -0.975036, 0.667040, 0.000000, 0.000000, 0.000000, 1.000000
1, 0.002651, -0.997288, 0.073550, 0.066862, -0.966228, 0.016397, 0.257167, 0.146437, -0.257675, -0.071748, -0.963564, 0.637310, 0.000000, 0.000000, 0.000000, 1.000000
2, -0.266101, -0.951646, 0.153492, 0.064957, -0.957200, 0.242064, -0.158658, 0.075101, 0.113832, -0.189141, -0.975330, 0.648284, 0.000000, 0.000000, 0.000000, 1.000000
3, 0.073280, -0.923479, -0.376585, 0.082417, -0.987859, -0.119077, 0.099777, 0.177471, -0.136984, 0.364701, -0.920993, 0.603805, 0.000000, 0.000000, 0.000000, 1.000000
4, 0.406150, -0.908778, -0.095733, -0.016574, -0.892221, -0.371739, -0.256421, 0.208749, 0.197442, 0.189561, -0.961813, 0.565663, 0.000000, 0.000000, 0.000000, 1.000000
5, -0.061261, -0.984094, 0.166750, 0.056603, -0.942155, 0.001857, -0.335174, 0.107794, 0.329533, -0.177637, -0.927283, 0.627654, 0.000000, 0.000000, 0.000000, 1.000000
6, 0.555911, 0.714850, 0.424208, -0.317341, 0.681927, -0.684019, 0.259025, 0.033261, 0.475330, 0.145284, -0.867729, 0.423371, 0.000000, 0.000000, 0.000000, 1.000000
7, -0.152377, 0.974331, 0.165711, -0.131089, 0.929235, 0.084134, 0.359783, -0.233328, 0.336605, 0.208807, -0.918203, 0.492007, 0.000000, 0.000000, 0.000000, 1.000000
8, 0.702254, 0.585466, 0.405054, -0.260920, 0.593612, -0.795627, 0.120840, 0.085063, 0.393020, 0.155584, -0.906272, 0.546294, 0.000000, 0.000000, 0.000000, 1.000000
9, 0.592577, 0.743983, 0.308775, -0.254242, 0.569194, -0.657981, 0.493030, -0.008086, 0.569974, -0.116405, -0.813375, 0.524246, 0.000000, 0.000000, 0.000000, 1.000000
10, -0.970434, 0.238432, -0.037522, 0.090656, 0.231459, 0.963368, 0.135459, -0.186106, 0.068446, 0.122769, -0.990072, 0.589031, 0.000000, 0.000000, 0.000000, 1.000000
11, -0.875045, 0.077848, 0.477740, 0.050927, 0.167362, 0.974768, 0.147709, -0.109197, -0.454186, 0.209207, -0.865995, 0.631558, 0.000000, 0.000000, 0.000000, 1.000000
12, -0.985552, 0.031422, -0.166435, 0.127589, 0.001735, 0.984463, 0.175583, -0.083610, 0.169366, 0.172757, -0.970294, 0.559479, 0.000000, 0.000000, 0.000000, 1.000000
13, -0.649860, 0.654322, 0.386710, -0.065196, 0.727179, 0.683278, 0.065893, -0.145709, -0.221115, 0.324028, -0.919844, 0.499363, 0.000000, 0.000000, 0.000000, 1.000000
14, 0.489317, 0.787964, 0.373741, -0.233340, 0.860524, -0.505846, -0.060152, -0.000672, 0.141658, 0.351046, -0.925581, 0.358930, 0.000000, 0.000000, 0.000000, 1.000000
15, 0.537284, 0.823245, 0.183285, -0.243034, 0.832745, -0.552253, 0.039387, 0.003750, 0.133645, 0.131468, -0.982270, 0.460101, 0.000000, 0.000000, 0.000000, 1.000000
16, 0.973529, 0.164607, 0.158576, -0.129496, 0.189150, -0.969693, -0.154656, 0.066589, 0.128312, 0.180556, -0.975159, 0.459243, 0.000000, 0.000000, 0.000000, 1.000000
17, 0.853166, -0.051249, -0.519117, -0.088482, -0.171458, -0.967420, -0.186283, 0.159575, -0.492657, 0.247937, -0.834156, 0.512702, 0.000000, 0.000000, 0.000000, 1.000000
18, 0.643776, 0.325356, 0.692601, -0.201542, 0.444992, -0.895507, 0.007052, 0.111732, 0.622523, 0.303662, -0.721287, 0.376589, 0.000000, 0.000000, 0.000000, 1.000000
